19
10060
6059
31
9744
22985
60
8728
11086
105
114
134
140
189
54806
203
9590
9472
10142
270
29945
283
287
302
324
338
341
369
64411
10565
9138
55160
400
79754
1386
1388
9474
472
493
6790
8703
23621
10286
64919
640
650
654
657
673
2972
25798
682
699
701
760
782
783
790
801
811
816
818
10645
79012
819
822
863
55749
891
899
100133941
4179
22918
8556
9578
56882
999
1015
8558
1024
64946
3075
1106
11200
1147
9391
23152
1153
10370
1193
9746
22866
10330
1272
152330
1281
1288
10920
57175
1381
23418
1434
1448
122011
1499
1501
5476
8029
1523
3627
6373
10563
4283
1613
1630
1635
1649
10522
10202
1741
9787
1756
55567
4189
7802
1800
57453
11034
1896
29904
10278
1958
8894
8664
1981
2005
2033
2042
2045
2051
7957
83481
2066
2074
2114
132884
51466
60412
2132
2070
2153
355
84085
55294
2219
2220
222894
2261
201163
96459
2339
2342
8928
22887
2308
8322
9908
2553
2559
2588
2633
2692
2737
2778
2895
2911
2935
2959
9328
2977
3002
1404
8520
3054
3280
26508
3009
3107
3161
84343
55806
3361
3620
51124
26160
3484
3486
3572
51141
11213
8471
9452
152789
8997
7881
3752
56479
3791
3815
4254
688
3845
54474
3914
3915
27040
8861
26119
51176
3977
3978
3980
4008
4035
4036
57470
84445
4085
4131
4133
5606
6416
5609
5601
57787
4145
4163
23101
8888
10445
51108
4256
129531
7681
8079
4292
27030
4322
4313
79710
4436
4438
2956
25902
4595
91807
4430
23397
23154
4538
81565
79858
4751
4763
4772
4811
22981
29922
4846
2832
1728
4306
4893
9542
4924
26747
5007
5016
5027
9934
23569
5063
9924
196743
55872
57326
5121
5126
80310
5162
204474
10611
5187
5211
55023
5257
5260
5290
5292
5314
5585
5316
5422
10714
5468
5519
5520
10084
80243
5551
5553
145270
5579
5581
5583
5588
5590
5587
5593
5627
5631
5657
29968
5683
5700
5701
5705
5715
5789
5795
5798
5799
5802
11122
10076
11137
5858
9444
23682
5878
25788
57186
57148
5900
5915
9462
5924
9770
8241
5937
5979
6009
8737
6036
221687
4919
4920
6095
6098
6155
6157
6168
6169
6181
6185
6204
6205
6223
6224
6193
6196
6198
50484
57142
862
6274
22908
26278
56681
60485
8796
55800
6338
6340
60592
27111
7095
11231
6418
26040
10291
50944
4891
114571
2030
8671
6579
28234
4087
6525
56950
23020
6629
6653
6667
245711
6696
81848
6712
6721
6773
282974
83931
81551
8417
6613
23345
51760
143425
10579
6872
29110
6929
6934
6949
56159
22797
10342
7048
7052
57187
9967
7074
10440
9874
54106
81542
8792
3604
23043
51086
3842
7157
8626
22974
80342
23321
51592
8295
60385
7102
26140
7280
7295
7297
7332
56886
10497
7385
7421
57617
65125
7486
51741
7511
7515
7533
9839
196441
9202
7707
7775
57862
10467