7352
7351
51460
10291
10236
79364
6095
23239
2011
11184
27040
51588
9869
9400
5430
4988
2781
8915
5170
5335
2885
2780
1813
7185
6233
10492
3184
7532
8729
4905
322
6629
867
163
4791
5709
3973
409
9635
3693
27085
4193
3064
10262
9785
5093
4799
1052
1051
6204
6187
9474
5034
8460
1240
4152
5881
5296
200558
5965
1660
7555
10594
9416
8522
58
51268
708
6147
373156
23397
4869
6457
10570
4591
9055
10273
4088
2171
8767
7818
196
1400
10574
8851
87
29924
9146
10558
9517
105369550
9638
4943
51726
3551
6416
329
9510
6625
5435
54812
23163
4790
4986
2771
23480
6206
7277
1653
5858
354
11198
6602
23450
5725
3123
919
6726
6222
128876
712
3702
940
6208
4113
3579
148
7443
5337
391
4312
3481
65109
23451
4099
682
5802
54984
54984
2197
1192
10142
58506
57722
81793
4615
7832
5578
5439
1642
6829
1627
715
11069
5911
84447
2081
114791
55125
24148
102724594
7307
9688
10755
6776
3561
55898
4093
6010
2870
6714
55114
84557
56992
7074
283160
6188
3646
8940
10516
5868
326624
382
6256
10902
1029
5501
30000
29974
22800
5923
11214
6874
2960
8449
8161
4763
3265
10181
9939
57381
10928
203547
9641
5695
5691
117583
6356
2833
5928
10068
3606
5705
2099
58513
10252
3190
347733
4192
10524
78987
3550
356
9901
25852
10921
7775
284418
54453
5878
54532
10952
6132
8665
6227
84033
54509
2903
1741
10241
23020
8204
3276
3326
57062
7311
6133
116985
7078
4313
96764
7345
4738
24140
5689
10456
5243
1840
7314
10094
4048
6015
1911
10672
2773
91584
2932
10096
6385
6634
8175
10507
5788
152006
7322
1512
632
8462
3065
2079
10980
29888
5516
7538
2810
5432
5684
4163
23229
6035
5879
49856
29079
80306
27071
3932
6840
367
829
3857
8520
9967
9467
10480
53405
8826
55290
7849
3398
7088
2290
11284
83858
3888
9140
3122
920
4233
1268
7386
1537
7520
5422
22927
53635
5300
790
6885
51082
5966
54205
10975
3354
2770
4793
54933
1949
5797
5786
11190
5108
3198
30008
345
64858
5683
92
9094
80228
79925
84203
29109
55212
10059
220988
5707
5702
6161
6160
221687
7334
83878
4176
2775
624
7189
9935
3238
1650
10075
9322
5148
1893
473
51608
5589
5515
7013
3837
7010
2886
80351
57473
3738
1742
55729
60
23433
4216
860
10900
5906
22931
1121
5119
3682
8726
83660
213
6217
1017
9491
10656
7422
56479
808
801
11177
4087
26574
1613
6360
27185
22803
7082
9076
6633
267010
64061
2295
25
2782
4331
30837
7846
9444
224
4311
91523
23315
10956
9362
84271
9775
22826
10907
219960
2792
6004
1445
346562
6755
9188
3312
10049
7150
7341
29072
7293
7292
10978
6128
29110
3665
29886
2534
6950
10494
3758
2802
348995
7514
5547
3827
4609
5770
613
2100
390078
1912
55885
1843
1163
7057
5155
25942
913
567
8417
9342
8557
4632
2914
2769
5781
5747
8797
8795
23268
79890
3131
406
51433
11065
148066
3117
3117
3118
64130
10458
4089
22916
10421
10467
8295
3454
1399
5436
2957
10253
5469
10687
4690
51764
10892
84085
57154
55355
27
9802
1617
8318
5595
5590
7431
3455
3447
9372
5371
29894
5110
10289
10914
6632
25929
7507
2074
29127
7283
5493
3856
170506
9886
7409
23054
50650
29984
55749
1785
902
25855
9111
5576
11215
79577
7534
5587
3720
6767
5787
1003
4856
91754
27044
4602
7316
3308
4891
54602
653509
7097
3688
79753
6651
3654
3091
9425
2922
221044
10038
1058
7188
23495
6872
5934
23612
25939
5307
2516
7157
8554
56893
1478
11043
8328
3868
3075
4904
5930
57731
6712
10001
5914
6877
6873
6750
4318
1285
79657
11128
8405
1649
58480
23380
84988
29085
9958
3608
9349
6134
51399
79090
23708
55920
11156
100287932
29080
8764
10915
54386
9020
573
253738
4221
3921
4809
81
309
90226
3588
8089
3304
3303
8772
1452
3853
4995
26249
8106
6210
6205
11331
124900586
23042
167227
23658
64805
4849
4848
9690
10000
11140
122953
5601
6794
5563
9128
3178
5777
3111
4194
1933
1814
4188
1956
960
55145
81488
6352
2779
121441
10806
6853
5566
10497
8447
27101
4831
9021
2959
1387
3113
915
6252
57142
805
808
801
9742
1951
1655
4090
3621
5521
32
9093
7874
3350
8841
6152
6137
5829
2185
56159
56243
5594
5465
51780
10250
6748
55588
9442
4145
3815
27092
2890
5564
10951
9368
5962
8728
51003
84164
57521
84844
7535
974
5159
9495
816
8302
7305
1778
27316
6637
4214
11224
7329
6778
5970
25862
257218
4116
81617
5562
51371
5685
808
4792
57689
85360
57097
84705
55090
9532
22941
6752
4627
7581
3838
3187
7009
596
4092
7430
5591
3146
3716
3563
23261
114883
282991
9861
1999
11338
26511
2243
2934
5087
3202
55339
9640
6921
5552
5196
6189
5929
57187
2966
728340
728340
4322
6123
10019
8848
10318
6285
55742
391194
339230
5957
64135
2046
1945
3660
3150
1024
9616
840
7410
1119
1104
79658
5880
56956
4780
3725
4804
6139
6124
9456
2897
6373
1803
6882
7392
7391
387748
171177
4649
84062
8766
56945
147
6598
7280
10210
2638
2264
2247
1812
85406
5717
29117
4983
388
2321
545
999
6154
9051
8495
1838
6263
2280
2906
2891
10818
6667
6622
1459
51631
100996928
51510
815
1211
1175
54331
94235
6880
2068
6016
5863
7168
7138
9343
5648
718
5111
4437
7153
5793
3115
1407
4067
941
55034
51207
90
85456
1981
2151
1894
5708
80063
51571
54518
1398
1727
6901
100506403
861
23521
6731
8805
463
22981
5336
3055
93474
10474
6746
6158
1000
9399
9311
8850
6240
8208
10783
8655
23064
5860
2071
7428
4295
2862
3959
926
5433
2150
824
50846
8643
53981
5440
25778
973
259
9410
3183
23478
6747
675
672
7035
159
595
400961
26986
11075
5602
9441
5998
408
7186
84316
11157
5757
5270
2147
3339
2199
22937
10857
84901
4773
7706
9463
2064
8674
10228
5746
127544
9246
5925
11200
5771
10397
4691
118429
4040
857
5295
8038
22992
23291
9535
5662
5328
25873
6135
7020
2688
2107
6168
6636
83443
10131
27336
1025
341
57576
23650
284086
5603
11035
6711
93661
830
8666
6688
2114
8237
8878
4801
10589
5585
836
1977
10628
1432
396
23558
1729
9810
5531
2901
2895
7327
5287
10155
6597
6616
6572
7048
4091
3133
8668
185
183
2550
6155
85407
5523
4771
25932
7249
100528062
114928
1129
3937
1638
7306
10014
1937
23095
11170
5720
10109
10395
8517
7913
7704
2624
8661
553
6599
5431
5020
5452
2597
2309
113523636
1616
23263
80279
10713
26121
1654
55388
27335
1173
164
9402
23499
9379
3211
12
4224
2796
51720
8904
26278
1675
5030
7049
3624
6232
728689
8663
6207
3930
26993
7335
10425
51692
2963
8941
2335
23363
10013
468
467
89839
7114
4292
23162
5116
8976
23534
58487
11187
1824
9377
58500
373
10746
9092
2040
51586
10093
10097
257397
10454
581
92609
79711
79295
79869
57863
11036
84651
4496
5241
3320
55803
996
3082
2160
23165
9500
283464
5693
51121
6130
55660
8646
7092
50484
6241
10750
6464
10401
258010
908
175
5368
7320
64750
5190
55670
57787
6875
1022
1520
1473
336
338675
2774
6624
6709
6191
6532
821
292
8322
23554
56477
3084
3984
8202
655
54888
9212
9138
64837
3800
89941
5764
238
7321
10128
1282
948
26824
6472
5983
5981
6184
6156
8894
10459
4294
89885
2010
9181
23511
51361
27072
472
51103
4700
219541
9049
4155
3880
10152
4139
3237
5774
2690
10484
3848
6146
3630
9185
64425
8667
114822
2054
8773
5903
6626
66008
3759
1434
1080
5527
5518
57658
55755
1020
2159
339390
1369
9392
7042
5688
5686
26273
1938
7204
55182
7324
3643
302
4653
2200
9353
5581
1315
93664
84466
5580
4689
3329
9261
5894
3560
27123
29761
83892
1111
994
4171
892
3337
1728
7533
3875
2017
58484
4868
11007
324
2237
2033
81442
1822
863
9984
6729
7448
5817
10040
50813
57472
3309
6446
2175
9406
2316
7128
841
9229
2213
325
10208
5226
9045
6192
6185
10285
1936
55643
7046
1280
5873
8480
23429
8662
124905557
1964
4704
10127
51324
9978
8651
64866
710
6428
154
2322
4508
3364
22839
4072
1366
9968
9862
59
7867
64343
51619
79102
266743
10011
10521
84433
112840
3673
7248
207
1039
445
6470
11098
6621
93973
5660
23764
9217
6810
3683
3383
51701
28996
3394
9318
2149
1154
84634
3814
5971
3839
26534
6310
113174
4140
5074
1479
6749
5901
6018
6884
3845
88
7075
6612
5905
3106
5438
64219
3191
57569
1965
7355
5359
1781
2152
10992
84174
29920
9064
4217
148581
51466
2315
4935
658
118
57673
8715
1488
10949
29946
348
3784
9992
10775
10940
10319
117159
7251
23295
1386
3651
128866
7041
8454
2157
10140
4670
9669
6167
10332
3385
5315
7159
3798
6772
3836
2
2744
3767
6119
4173
90627
6228
55954
4543
995
134864
5217
10625
127933
3925
23221
64400
6917
6627
84875
3021
3020
1213
9306
1969
6173
2155
1762
60559
3263
112
5441
11161
6929
4656
3622
85015
5413
5071
86
7155
55294
55813
84528
4159
181
6730
9759
6289
335
4190
6462
2035
654364
111240474
89866
6396
1429
5618
6122
8408
8831
1436
9892
8473
8648
3170
112399
84292
10060
55827
6202
50809
142
91768
113457
788
10541
37
23462
7805
5092
9412
8607
9585
79873
51074
1846
7494
23235
7415
9501
9545
4715
10989
27343
23641
6048
7317
6129
4683
2045
1942
6045
8242
10051
5451
6498
2192
28972
54495
3799
57215
629
6169
6125
2623
1501
3792
2130
23365
84687
56902
10081
1410
598
7536
84872
26999
9326
283899
3915
3913
143187
8675
9319
51700
9101
27342
80005
1832
6193
1974
5664
5664
6640
6329
1026
988
5202
23418
79544
55824
27165
10174
79902
133
3694
11047
4589
3547
91
9149
10238
3192
221527
132660
6522
1234
23019
5902
4350
1973
4110
5728
3040
3039
7529
7016
7137
56926
7027
1019
3371
54729
23076
283629
81620
150684
149951
9267
1915
5478
27148
29927
6935
3667
60598
9623
79871
92105
10527
9646
5069
9240
5582
10469
7518
1457
92359
51548
2232
217
4149
84337
1576
8737
114814
6223
81875
7546
2737
7884
90459
387082
2950
7294
4282
3791
90390
29903
55183
9241
54764
29966
2253
2246
2521
110384692
720
55159
6453
3603
26146
3633
5534
26692
6000
2767
8881
8697
8120
1176
6883
26015
7067
5795
10360
2874
28988
54106
80205
6237
2946
6418
23107
23512
6615
6142
10845
1385
10629
390201
71
149371
79184
3491
6195
2475
30818
84612
4734
6171
6141
8739
9774
6655
6143
9698
53407
60561
5062
1794
1475
22897
6218
846
27102
768211
285613
402
291
254170
5600
10642
8664
2968
6473
373509
2783
11236
6837
9969
3854
79084
6635
1030
6117
2132
661
7398
810
5468
51362
7942
7030
1460
6009
4957
6176
171392
8543
1958
6229
64112
151871
55288
3778
22938
6497
26155
3611
3949
4524
10919
9219
6297
22953
2569
5125
983
6170
10256
5605
5437
10926
6311
3936
11052
998
8721
4085
80145
60491
3706
158763
5990
55284
4281
56957
83481
1326
9938
56257
2308
3911
3655
3431
4729
10370
9260
6707
10657
2892
6224
51678
79068
8777
6876
1264
26994
2060
1453
55816
4916
1844
2768
7253
127059
11321
7531
81565
8997
26136
55740
23410
7184
394
79728
8243
2956
727
5154
1281
901
3134
84967
6606
6606
6607
8883
79760
11171
11345
25898
5326
6093
55707
9808
9564
29091
100529261
2342
1063
9282
9971
26512
5976
23092
389
2961
688
6727
51065
729230
8178
93436
26135
713
400569
9391
54778
51538
5411
6194
9672
1289
10891
8453
10294
56144
79726
11261
8916
8916
1975
127068
4261
6925
429
6790
9211
53616
7579
51282
1690
3635
9046
51024
26532
2022
51529
79797
8743
10477
5447
1586
3066
2272
84168
9611
6839
6305
8347
8339
8344
8343
8346
3860
7276
378884
1106
112398
7328
5987
5985
26508
23405
29126
1788
85378
4232
145258
10868
5884
8890
340980
5908
148824
81472
8289
3728
1004
5663
9883
5825
23219
4582
1499
26205
10691
8669
5094
4522
1130
10773
4174
2889
3488
3480
3763
3762
643
4215
1773
634
5599
3299
6601
196528
26270
6500
390155
2948
9470
25820
3858
23647
375
23385
6203
7086
50856
10130
6605
23286
54165
6164
551
84986
399
2705
6175
2925
2776
1789
10083
8467
10575
4074
10579
2648
6230
10811
4133
5801
5598
60492
3181
58477
6300
5630
3866
22907
22948
84817
4835
26003
8553
9533
2965
90701
2867
6683
9894
10856
6866
843
1191
8615
4635
89
1487
6092
10627
10179
10363
4678
1120
219869
57176
5290
7572
7718
8239
1994
9478
10438
64333
119
4794
4430
9341
79083
8733
328
8125
51602
5982
63922
23533
9509
6908
5927
8573
10664
7068
51078
580
221472
10010
5550
4922
5718
22995
10529
10121
6881
131034
7171
55503
7508
8877
55558
27289
51202
5164
5160
3927
70
5887
942
5434
1174
161
9789
6201
23567
898
5710
5719
6993
1856
60401
84324
10499
7080
8793
6382
1511
6777
7170
4629
26230
11216
5577
27120
4736
10514
90410
85302
7763
3678
3756
3754
4643
6878
2967
2001
55147
26538
84661
923
214
9419
3313
103910
72
105378858
9411
22918
2161
57448
27429
10471
55577
604
55922
6654
8200
93
441670
5743
6804
6338
53343
51031
8785
4147
23424
6867
7458
29979
6477
10817
63967
990
29945
64682
27033
5352
22920
6583
5174
5782
27089
7384
6732
5347
1069
904
51332
54840
51760
9765
94121
6812
51727
51319
2661
273
84662
79595
5610
389898
219968
6157
29882
916
10592
9352
57111
361
7486
7014
10621
9329
10313
79666
8907
79594
10513
2969
57708
23636
4035
321
11100
4296
9371
10369
818
56302
80152
60490
83658
11060
11083
6546
5532
4628
10006
7408
84951
56658
6733
3188
14
1759
64376
23360
26088
7122
1365
56915
10971
130399
6997
10694
3956
6696
30012
4211
6181
6628
55722
27175
5704
5714
124538
9693
2241
51377
7421
64411
112950
10025
23036
1471
6337
4666
54507
1508
6811
9554
5329
4321
127064
7881
1739
58499
54665
8082
1837
8048
6710
7022
4435
4172
4928
4927
4881
5926
23013
2266
4007
10844
2975
1363
55905
284
83737
83737
10623
3861
5893
8862
8673
8775
91179
151648
51013
23404
491
27348
1861
9666
54926
899
891
1676
80781
5836
5257
7325
3939
5700
114990
4854
10762
8815
3912
4686
10376
5204
57088
23043
5682
10048
3897
10645
80254
7273
286
55148
10398
11186
4747
2893
3727
134147
471
2194
8526
2109
2339
29760
10284
8508
137868
1756
10525
84675
5522
51132
51035
57599
4967
4043
85509
8932
85359
8022
7268
9493
6159
23474
23673
22822
10062
8431
6281
25842
7290
8614
9131
6521
6844
255488
7332
1743
10482
8021
6231
3958
4286
51176
10423
6199
1107
862
10036
6606
6606
6607
94115
1081
56949
2567
2556
111
10465
10084
5454
6138
79720
51160
23594
54985
1388
22926
1950
197
65059
3096
51741
55775
3732
5473
3998
9235
5657
9975
4175
6277
151
129807
57617
64601
26189
9040
51585
8379
9183
4168
22883
351
3108
5199
54440
10278
80012
57165
2905
2902
10426
1968
9610
331
29950
6363
10055
5571
3783
11335
4616
10912
124907782
56940
22999
10085
3685
667
1308
117157
8832
5644
5265
254879
91807
7554
4086
8600
51643
55662
5813
400
6927
5921
11017
4115
117246
23468
55843
7040
2730
221981
8853
26539
3251
196403
51147
54583
6813
23557
85440
60676
29763
22919
1013
3609
10813
64129
84515
10567
5867
10276
8928
3556
8809
7029
3692
7110
5870
9459
387
3346
6271
23421
27229
390081
10092
1147
57492
7125
4626
5015
2547
6728
51028
6279
4926
6434
10598
390036
246175
8802
8533
900
6774
26150
117194
1325
84159
10603
79751
156
7158
22976
3483
1462
54345
3726
2353
56475
8529
23644
1656
11180
57522
2647
3119
5584
6595
2643
79674
10342
7001
4604
10933
6118
5364
6304
23114
57657
348980
4851
102
57099
7132
6165
7169
23481
2958
6510
10161
5097
5713
4885
4884
6902
4069
3795
6427
9908
6919
5806
714
160
6760
23542
6503
6525
2051
84246
7266
6318
8945
203068
200504
7031
7005
100874369
775
3852
9568
55690
3482
7297
1855
5645
80021
327
991
10651
261726
79183
125963
8682
554313
8365
554313
8364
554313
8363
121504
554313
554313
554313
8370
554313
8362
554313
8361
554313
8368
554313
8294
554313
8367
554313
8360
554313
8359
554313
8366
6613
407
83595
1845
11146
26959
23279
3159
6235
6047
30835
11034
2812
1278
64753
977
23460
4953
4946
9184
5989
6430
221391
9025
5500
5362
1808
5696
27257
23560
6144
83444
105
1198
5730
3572
5593
5331
11124
26127
81572
4650
54434
3360
527
25998
695
152789
4698
51454
3689
25802
9135
90121
7161
6494
4130
6136
208
51773
9630
4987
80321
22894
1021
894
89846
4234
54550
84708
1272
7301
10987
5826
10114
23435
2038
287
23085
2098
6830
340273
1027
221079
51366
3355
4800
716
57819
4137
2931
55217
10163
839
83874
83593
9770
31
4306
2288
63943
55249
23097
3486
9972
22806
51564
10652
51272
11248
9112
154810
122011
1084
6754
117289
23190
4641
23118
11244
2065
5163
51562
653361
4478
3297
27237
9158
154790
134
4134
51230
57592
5514
5156
84186
2908
8031
10197
390883
50848
350
11051
10528
9320
699
10286
114836
4068
9589
138429
8395
9462
1829
1991
3476
65944
10808
6001
2798
51330
81888
80854
3054
108
5604
369
7098
3661
51343
3672
1286
79171
117178
811
55728
4179
9221
1874
3980
11193
293
9833
2134
6401
5313
55593
2289
1441
54850
2492
7043
94
51742
2674
2668
3479
3416
8837
5424
6584
84937
5678
10204
53371
9276
4860
55761
80155
5706
2555
5394
55841
6198
23141
9443
51293
5933
3508
79365
4654
1356
10950
1869
9439
566
3562
1439
6886
4733
9814
84289
29071
6579
94233
10413
23559
5931
8550
23186
817
10320
7336
79913
10847
257106
23332
6387
2826
5028
105376156
2176
25814
6351
1232
23150
9265
119687
5711
4886
51690
3090
89780
2634
8087
10537
51667
2208
3690
24137
10362
6604
56998
403274
79026
11059
50855
3290
2995
146433
392
2962
5058
6857
784
2317
6548
760
10539
10461
2621
7528
10002
1500
1007
79937
320
114609
5077
79959
23779
54819
2935
196374
9821
55014
6678
8218
55703
84172
9126
55844
55120
2177
5915
2205
3421
3419
10946
10576
22974
6550
63928
10920
10605
6722
1477
55929
9699
22827
430
23431
23367
9913
8464
2898
90427
5499
9527
10148
5052
6674
10188
84941
5055
896
10923
254973
4077
2896
23617
5800
2549
5230
4283
9729
8428
5519
260425
2904
3597
3566
10116
3117
3118
272
9253
23426
10243
8874
6275
8496
6638
26056
9612
5218
27043
338692
1028
1290
10393
9734
30834
4841
10120
1639
317
55679
6717
6262
85445
23014
6780
3164
54472
83464
57120
7855
9086
1983
933
5333
2596
7465
1665
6915
5690
6543
925
3127
7060
6303
1770
6643
3953
79023
55746
11168
54820
8036
50628
9497
120793
11091
637
8900
5608
94122
84669
2091
6759
548313
1910
29911
80125
54512
4750
8412
5687
114876
1143
1138
5480
27240
91694
958
11325
8835
5303
4914
4509
3516
22895
115827
56852
10419
5310
56899
2066
84958
5004
285
3053
23483
79571
51421
9414
6456
55666
8985
2036
9643
5197
1725
54726
930
3652
94081
25924
57122
10297
8241
677
5049
7135
4621
9828
23236
5999
344
7515
3240
6647
3212
3906
5536
8660
4929
23463
6648
51762
9014
391191
80153
6348
2273
3026
3568
1443
23760
4487
4633
54700
23370
221037
84749
4673
25759
4915
107986346
54543
10452
7403
301
8491
23643
929
2050
51283
864
57484
7323
9839
5339
64776
5358
26152
23412
51295
29780
55957
23136
6447
5126
55692
7681
2778
85363
3206
79718
9475
6487
3305
54187
121129
5913
50807
3891
6530
57332
4300
94039
640
8578
1602
100874074
10301
51604
9874
65268
283455
330
405
7414
140465
4638
6286
177
2815
1277
5954
10053
6366
2146
10020
8620
4852
2260
26548
9754
546
9525
8504
90678
25885
6934
3674
7454
56001
728343
27283
493
796
9829
2072
1839
2125
23493
2495
23389
190
8792
1943
11313
1736
7087
344148
4054
5824
267
7965
826
57596
6907
10766
7275
2314
5443
55041
2358
7216
23244
79706
26248
6354
7076
10692
8905
4893
58191
23066
26073
51107
10972
26047
3737
6894
7077
4323
9325
9771
79132
2785
59345
602
3485
3306
2813
307
6493
9915
1510
7416
9039
51127
1738
6242
5338
89790
81669
984
157
5425
1674
823
26272
2000
723961
7187
608
4218
5861
8013
3691
6041
26960
7094
9013
5272
197358
650
10371
2804
7813
84260
26233
3163
1978
84074
79541
6326
288
6745
64072
4647
5223
8880
2695
27339
8493
6855
11082
5133
9337
6209
6623
2167
51304
11342
22807
29896
4001
3001
57532
2332
152
2101
118460
5393
10939
2791
23062
11276
5079
2113
79822
3790
3745
8601
138881
4925
4671
56616
26019
7287
3109
81844
54862
29082
84079
149233
3717
79047
10439
29
29968
26271
5579
2697
83755
1036
54557
10742
1050
9960
26058
6631
120066
9846
2696
65979
1001
23607
1297
868
27132
6833
3764
55646
6502
7252
5081
231
5738
928
25978
79803
10451
9631
55663
2918
55062
30812
50944
4855
182
25925
1879
8812
5129
10073
2026
1663
8458
4931
799
79840
7133
56341
7052
5294
3887
6421
2214
26191
79228
6944
23326
93624
7450
11221
8027
3718
10741
1271
1270
2915
23194
54989
11340
11102
109703458
4692
2803
10540
10825
7871
7371
10009
641
10069
4830
65264
7006
253980
9063
126119
1464
441608
9522
23633
3060
7045
8570
11073
226
54464
6499
59307
3554
8224
9722
39
54556
23048
8153
6879
6558
8822
2250
84991
23230
1859
9098
64215
197131
23304
150681
9543
2512
5606
89796
9882
55512
23523
9266
3855
2622
1468
355
4361
256281
64399
3656
55743
84126
26232
6280
1235
6850
64689
4105
2793
8626
5525
6319
1528
5348
4651
1230
114
109
7112
7124
10018
659
10105
124905658
124905660
124905666
124905668
277
279
124905658
124905660
124905666
124905668
276
8165
54476
3298
26658
5366
89890
7407
2873
10617
134353
1870
5001
395
2261
2249
54891
8476
23524
3304
52
917
55917
2911
7175
126370
51225
22808
728239
81557
9150
6452
3185
4617
55622
2899
25791
10526
2977
6611
64216
7019
29990
1630
10445
51218
4900
148022
7003
4625
90865
9173
252969
10054
26339
64777
29775
10643
9252
2115
1740
9070
64388
93659
94027
890
8065
9001
54555
11005
834
23265
8314
23382
91833
5950
5912
9871
10015
1848
121512
9360
10600
1629
56895
3400
3627
338
51719
2811
84617
55324
2971
5744
825
5830
5192
8569
92737
55823
55872
441308
23762
905
4606
6900
11099
54544
4000
56339
10771
28962
26086
54976
4999
8975
51133
4352
11033
55215
7411
51311
51657
10613
871
81857
9477
58533
30816
57634
26043
54431
4776
8625
23479
10056
58494
8411
333
114769
84126
11277
1395
10017
1495
1012
2992
2632
11231
7095
5073
119774
54541
4255
8536
114932
7039
85409
10087
9218
8863
5187
79724
9454
140735
84920
3757
3736
1114
3987
5924
3663
283869
2831
2554
8451
23157
6895
80176
390649
388761
60528
7417
1815
54102
5456
3301
9685
11333
94134
91445
174
26762
27430
4144
5557
54977
10436
27443
8409
10045
54913
51422
5565
23207
3831
84152
23513
115426
1523
274
6890
3761
202559
6773
64223
2073
353376
11213
9521
7388
79939
3909
57506
170082
25788
3636
27258
80232
8450
56288
58525
5716
4015
1805
8317
7205
84759
5875
23077
2764
326
5570
1123
660
1203
10815
6571
30011
9744
3978
3172
7083
6344
5308
2004
4637
673
4684
1284
142679
30836
4288
2275
2067
2920
733
730
124220
239
6888
25870
55227
5036
25970
9856
64852
9733
57134
6249
79693
1909
4688
4892
5997
90990
81839
7178
9050
26156
5874
27436
84254
9255
9947
23028
53347
379
64431
2553
2665
60496
3112
7265
80739
107
27332
2274
316
19
4846
4055
7726
51434
1828
2245
7375
8724
1048
5340
80380
5864
9667
8892
8891
56000
64761
5803
2302
648
10787
26338
4942
8804
3695
9702
23305
5264
1852
201255
83933
5883
135458
6340
23037
9378
1446
1609
8703
6835
5865
3916
3626
26353
219858
246184
57646
2268
2118
84552
9961
53829
9124
10254
7295
11329
1892
219771
51751
8943
283149
112936
55737
1241
11030
5984
27183
5763
5104
22866
390083
9855
8829
27034
3151
9223
1857
23327
3577
6261
5216
83746
55699
54039
80725
1961
5886
8440
1948
2042
4739
168417
57669
5201
1311
56254
7319
84128
5317
5692
57159
1158
2182
7525
404672
6444
22954
26289
8813
10274
51182
27000
3269
6531
9479
7402
6645
7444
5609
476
1604
55802
4036
9270
9844
1606
5588
2551
7025
3569
54212
8525
164592
9648
55100
5697
4887
124739
79672
5567
6513
4802
11153
3008
28964
64318
51808
6657
5460
9097
5042
4267
30820
30819
9351
10658
9100
56655
54107
10146
7278
10368
151987
55157
8893
7879
22801
7223
7099
9572
3675
390061
64714
1466
29978
6782
8470
9189
6399
4034
5045
57804
6386
55718
186
1536
2005
971
921
627
26469
88455
8899
779
55250
25777
79931
3012
8335
11258
64395
51194
7270
7167
3375
119694
79833
6996
2562
10564
6814
60489
4751
170482
993
55705
55011
9796
5316
149428
2331
6234
4303
6317
283092
94101
6788
23224
154043
28514
55612
8738
835
390113
54883
55723
11133
550
1810
1454
102800317
3996
245711
130507
51560
3662
5464
10663
5611
1506
1287
10432
5214
3315
1018
5694
8490
8490
81282
4122
2207
5701
1031
10134
7442
80318
7593
2158
80143
11235
79648
401666
84790
26281
9965
653808
54843
89953
79930
5979
55789
55966
10963
23193
55698
22794
119692
5047
55968
145553
10801
5349
914
22985
8539
27113
56896
1807
553115
6737
100507436
25801
7100
5900
23529
403273
3565
79310
432
9313
176
6720
9125
51060
3938
219333
398
2244
7840
113091
84446
10580
10193
393
57510
80824
5495
54413
83999
22943
547
5140
2625
9482
84640
340784
4131
353
2263
128360
10239
9905
4354
54206
84896
717
84231
1463
1053
51506
5054
10111
1448
9464
23208
23022
1944
54910
51429
8650
9507
7059
7058
9139
29986
7139
837
3818
84132
154796
50488
56993
2318
146
25913
162
9085
253175
623
5494
51663
6620
6011
10519
23345
4593
221656
23551
3977
462
10135
2678
56654
5211
2537
3399
701
59343
401993
59341
22891
114034
10266
10714
10733
9948
1103
9918
9180
221937
64857
91614
8870
7037
4436
8794
9970
2122
53615
162989
80212
2784
4058
6721
8867
29993
10747
2220
85365
1301
29904
196883
11316
83897
987
797
842
11056
2230
1583
9398
663
144715
6331
51552
6402
8500
29899
4204
64087
286826
2972
219428
10213
57551
60682
6801
442868
55201
1990
113130
23047
3059
5723
5635
5530
572
121130
3167
377
80023
55139
390084
255967
63891
6197
54776
10298
389692
339
59283
51316
8914
3097
79101
9015
85300
55661
4335
8503
9538
657
24144
5293
23269
343173
403239
4982
130340
3676
3843
23649
5885
10551
8313
79735
5449
8856
26958
84295
50649
5198
2255
11165
975
10481
5888
387338
5305
4985
57680
6182
65055
7220
51514
6103
4902
2675
65110
692312
3972
1059
4057
63898
5653
10590
4778
9429
5292
8761
9737
2720
5476
4023
80314
1420
1415
142891
146057
84630
8935
3336
427
56256
84779
79612
55811
1849
7376
9924
150472
23637
2844
820
56952
7050
84103
55293
4317
2077
113828
54540
2923
2212
2515
23371
6196
5526
5083
10765
11040
4599
9531
3195
23420
84313
11267
7203
633
3766
7852
2189
9782
9782
2664
26060
9743
10039
4208
8452
51306
222658
27255
8506
2997
5275
6097
54458
2539
1612
2868
8502
6775
51162
7711
2281
23309
10498
2313
54797
221150
11074
55798
55003
6708
3964
10058
8693
6404
9159
29089
6478
5178
25793
80328
10026
84310
10016
93487
54538
57132
341276
652
51729
80204
2206
390445
165918
2043
151531
4340
11279
55785
3361
9963
57584
133396
58512
29935
55040
9567
55211
117143
4356
161582
10877
9727
8751
8658
4170
574406
6736
6903
23072
343406
5496
4544
92610
440275
6865
6863
5956
81628
22933
11262
8823
10556
4287
10430
80227
81876
57553
22893
79643
148223
3002
1008
4624
57554
9228
9656
84665
284217
43
81603
79800
6868
56704
4839
57180
8844
221935
11218
8825
57126
5175
55031
6342
1962
65220
192111
57670
10144
2584
1293
57636
9987
55103
7975
1397
1997
2670
51534
102724560
875
8266
9451
51206
7156
249
5511
84676
23770
2048
124801
9054
2203
5916
6789
22903
5365
27253
1786
10944
931
5429
8936
3842
219447
57697
8828
9586
2235
84343
64421
57514
5152
25865
10618
139716
51684
26188
25927
5442
155465
27076
8636
23256
1159
548596
1159
548596
54973
334
10799
10248
51474
2002
23369
340719
5745
2009
2395
25904
84445
79075
3872
219487
1016
1010
79659
80310
130497
6505
10550
51666
3104
26001
5877
51347
8519
1380
5592
4502
8565
6347
5089
3205
10785
8987
3625
51128
4535
4722
9788
9973
134265
51412
23753
5479
25884
84527
1796
2300
5896
10389
51738
3952
11337
1760
7756
120065
9056
9826
54477
9817
372
23099
55568
5213
56259
4146
3851
2178
5993
29115
5558
10890
47
10101
83478
4009
4084
4012
6689
1871
10640
51164
83992
23476
149473
57647
54606
1600
26059
8927
80727
51142
23411
3576
9033
10612
3093
10961
54923
51291
638
599
100529063
81469
51181
3420
11001
5076
1601
1917
283212
7922
55720
1401
8115
164832
5504
5361
54751
255061
6870
4205
64968
23581
25836
689
2788
23683
2590
63948
147912
8576
10957
6096
253260
92912
7703
1207
8546
57610
8312
50943
3351
4842
9088
397
187
285527
1585
1584
5267
3817
4811
84867
80128
250
100133941
2248
10969
390066
9230
22983
5573
10565
79705
158055
285590
4862
54148
666
23035
84688
9440
135946
3558
3439
3447
1390
23321
22888
2566
4486
116
2057
53918
84280
10043
4703
5569
4284
2700
29915
5048
171568
152503
64756
222484
5607
10726
51735
5134
9134
7136
7072
2224
56990
121536
9748
26173
819
2059
5783
10381
6091
26064
1327
10693
59349
10326
10211
283111
8061
4853
4242
889
90060
26263
6693
5737
23087
8233
100506658
51606
529
6059
3358
3684
2252
1291
147179
3708
7337
64426
3615
202333
1196
6642
57003
8481
3070
57060
85358
3162
84078
642
55209
84376
9129
11315
582
80349
5828
57620
6786
7343
9584
23741
5345
5872
4613
390154
26576
6374
51382
10953
5314
79868
4908
2987
27111
140459
53822
481
81890
10758
58473
64854
54704
5162
5330
116984
27005
9330
9678
25874
10288
91607
6441
5699
1635
8974
378108
143425
5096
4289
64769
8326
7476
1128
23645
11127
7182
25837
54822
338662
51068
2706
4640
6050
7441
7130
114823
8819
51083
8484
283617
4753
442191
11176
8711
3993
54617
5306
197259
23191
57459
23774
55635
55644
1033
23122
11201
2653
8717
3105
963
11126
56478
6258
51076
3619
79172
10573
3356
3156
51138
5118
381
51363
57542
4952
23588
55770
55142
55738
7597
4254
10802
284403
4828
5910
311
7286
8555
3765
831
6603
9689
9706
2669
84441
1444
57530
56674
252983
80852
22906
91746
64928
2287
1797
8897
2629
3741
26985
56955
10563
1041
3182
4795
65993
597
9099
26664
1647
3107
51196
3985
84108
83743
4642
219699
4756
56901
10277
8531
55379
23528
4066
23621
119695
55122
9601
343069
55256
392138
6836
81929
23549
84707
8499
5789
54900
4634
5127
5641
100302736
10654
8079
11096
6002
2319
8402
23243
26298
10983
283208
23152
3030
9823
51573
5033
6407
60412
5898
3753
3275
6586
101930112
6687
23101
54882
5537
1236
10202
653121
2047
3397
3280
333926
117144
390199
54504
2731
7257
55809
220164
283297
23197
116986
3710
51592
4607
3484
29116
55851
1305
22955
5360
9141
3224
152330
1667
728358
25888
3384
100528032
22914
9841
27095
7225
4191
5871
7015
23293
5698
3960
92335
51668
2641
28512
5968
51341
6671
54894
51199
51517
83871
57693
85464
246778
9466
4601
124044
1540
22795
79663
28991
29889
5037
3148
7347
26036
55509
83696
64708
7466
3069
4772
283
9814
3914
8732
200734
8970
22900
9445
26227
83666
151636
5318
337
5721
7404
7089
56850
2917
578
735
732
2354
51386
1238
2786
8678
10427
29057
727866
29057
727866
4135
2888
5050
9682
7791
8817
594
593
7134
4644
2251
9588
3174
2832
783
9513
133522
2976
8497
4005
8861
10489
84245
5191
10938
55128
6370
9187
1259
10124
5629
969
5775
27006
64943
51616
2324
25816
7803
6291
59272
56995
8074
6769
7447
1141
55585
115207
90843
25946
10581
23032
221092
79723
3460
65125
6945
5261
5260
11260
5810
6938
100271849
4207
55033
386618
5940
136
1269
340205
2494
9079
57763
6672
23192
54892
26505
204
4803
6609
49
348487
59340
23390
10463
1906
117581
4097
4094
10203
27434
55110
51513
256144
26246
196383
6536
773
1438
57507
516
1816
11021
8698
9209
2034
26259
81609
7145
4867
11101
22861
8544
858
391195
6549
27173
6461
131873
5066
6843
55800
29934
79574
55626
55837
414060
729873
414060
79598
6405
388697
57491
5245
51778
152137
7565
51156
10848
8988
25804
10403
80258
136319
832
5481
4547
5978
54469
997
388646
6738
54836
6569
4676
55835
55008
26091
5597
3570
5145
5158
3739
27250
8425
399664
25831
3884
3659
115352
155435
7381
2740
1643
84959
4332
390148
4319
63827
1131
5423
10686
83787
5502
23492
4038
6484
2627
51566
3933
1748
6364
5621
6445
26190
25940
7750
26707
10930
55231
341799
22915
2153
9622
60493
51187
29947
23031
10168
110354863
79734
7869
7374
4082
3442
200933
91662
1841
23586
4212
3209
50618
56647
6887
9755
1543
8723
4100
57192
10102
10608
51747
1605
375790
23613
5147
10380
2188
2187
2348
140901
80347
4829
7056
8671
9735
6236
23539
54101
2649
51285
10717
57104
23214
6362
171558
10869
104909134
1394
104909134
1394
84133
9825
246243
6942
56937
2787
84628
63893
4076
390162
64403
219870
392197
57580
29928
26515
168544
125962
585
80184
7755
10333
57504
8521
2027
3101
157310
128853
6845
1295
7201
466
79324
6253
6314
54815
1314
6614
7018
23299
57786
64241
64240
9778
10959
6282
135
3931
2736
10572
79576
220108
4488
10899
79345
1875
57449
56950
1876
4883
4878
10137
131408
23237
64919
4513
9179
129868
81631
55759
23246
57602
4646
3821
6892
27086
2326
390077
8189
6372
23012
3881
9824
7812
10422
58504
390079
2078
154865
6809
4209
80146
223
27134
2139
79444
7011
7326
219484
1009
94005
1780
51135
256892
10924
1002
200539
2006
5095
282770
55140
375686
1809
9127
403278
7038
3214
121364
408050
27301
79155
138065
30827
1877
11077
51601
2209
6596
10392
83547
26533
54971
100131997
54739
4728
29941
81341
84321
374454
5179
51279
85403
6753
55871
23173
114884
29844
55629
22929
1435
57512
5203
196513
56963
56252
80342
874
8438
9985
5792
153443
10557
93663
10488
1139
51100
51248
538
26228
26292
57559
6406
56656
149076
11167
64127
728
55971
51633
92140
323
57038
254786
11196
7456
306
23041
3581
3578
5507
7957
392255
4843
27246
5727
3549
7419
10955
84101
10063
7358
8479
23428
6520
3883
2560
124188259
7163
114569
943
10973
23216
6992
23241
5311
23059
51550
4909
3882
81030
79050
8631
23049
6257
115650
967
8996
114088
7804
54625
2821
201176
26245
10270
146722
8833
391123
23248
6391
6390
151742
6838
25959
54461
558
8099
54954
51444
10788
2286
8740
3028
22824
144245
9191
8507
3310
92421
5355
3796
55832
8498
4438
7044
347688
8887
1827
6273
2913
474384
474383
8263
2037
148867
1108
11330
6690
59269
3981
9540
26716
5553
1437
222546
5991
2117
522
6449
112401
22934
9091
5279
390429
57470
51621
84144
51593
23034
85476
10169
57534
23303
3840
4744
29781
23310
79872
9520
85461
3812
3239
283159
5539
4889
129685
22877
7490
731
55540
27190
81099
1237
3760
8078
113655
79109
1793
2334
64754
57050
150
7429
6566
10021
2921
286514
150864
80237
4975
55859
3679
66036
134510
219875
10606
664
115677
6403
2242
10491
1787
9536
5731
8808
57524
9242
26224
6272
3918
1901
729
2887
57030
170961
55839
85377
126541
1421
57161
8100
390321
6554
23654
5029
23582
64221
22881
389421
55970
7385
9363
84457
9779
56897
11255
1791
6102
403
51021
9934
1182
8301
10235
5715
6278
51185
2488
257629
5341
3632
4605
26578
10782
952
338755
4580
64151
27350
3092
28965
55038
525
124904395
9659
10428
10365
54922
10379
2571
6547
5862
1112
51280
25934
9375
23301
54433
5724
26524
9338
5520
4857
4153
55269
63971
3316
10675
6517
9832
53826
51053
79169
4836
115509
7247
25833
54861
114907
10113
64284
256933
3833
51455
4595
10927
83985
55111
7709
79654
375449
10336
63908
5936
3428
403257
9863
11243
6891
6508
762
9047
7350
10626
3601
124905658
124905660
124905666
124905668
277
279
163590
26973
60468
7629
157922
81543
8803
115761
5932
10024
153
9118
7162
10190
115
128869
57555
6860
5467
4123
2049
10850
54878
257364
2120
3217
3216
8720
1820
55037
9519
4338
1072
6442
358
9857
11135
3417
170622
23016
5613
3910
51157
23378
8911
117155
8128
1263
5899
11113
847
5739
29123
1431
3189
25937
5798
6339
649
119764
147700
51122
7390
83932
85477
23580
392392
26659
23682
51561
3594
56919
2517
8334
7021
8535
9073
56681
6898
29969
10249
1161
22872
9632
55109
53353
11189
3595
3593
4298
113
165530
332
79924
55869
282763
11188
9175
142689
113263
64978
51763
2162
50509
9590
79027
10295
84335
57716
722
721
4277
10490
124460
8424
7053
774
9842
9133
81788
79058
10067
114781
728294
7866
2526
91653
4968
60312
10653
55297
3777
22882
347169
79020
3780
357
3982
3268
55437
7378
6670
26254
9113
27352
51168
4225
51284
7096
10460
55327
30968
7026
11137
25897
51545
9911
343171
78994
53904
79139
55108
5778
8139
80705
9068
2063
135112
27347
442186
9038
55578
4259
54
10614
127833
2747
886
56970
57761
6504
6741
10913
53834
10268
10391
9600
140825
55210
8192
55068
8736
10072
54874
23071
140885
9455
196743
266747
7143
1455
1896
1795
81848
8639
10666
1634
8542
79088
10886
54474
3099
9793
58526
163732
6239
55879
9232
54962
2138
22930
23312
201595
390264
22887
359948
5090
57085
91977
54033
5321
140803
4061
10200
9628
91526
11103
8541
6468
9578
8148
6294
3785
5780
782
91544
80831
5327
2239
27338
64784
947
5193
2954
2937
9550
1902
64794
55291
54554
3135
135941
54927
9294
9891
10406
56143
26496
25976
4157
1408
64422
23140
54998
4924
51099
123
1672
117
11130
10226
54443
7471
8076
2201
124900587
124900588
28227
11164
10544
5624
6455
80025
113878
10244
200576
96459
53916
7284
56848
4326
6663
54869
7405
6343
5822
84838
64324
55165
6320
282775
4008
51136
2671
10044
389856
240
4299
2307
79849
2984
312
5510
102724652
1409
10735
10870
1288
7111
28954
785
2869
8575
11117
8468
9448
1294
23413
9278
51177
1062
23090
148281
8780
81704
3553
6751
64407
390265
23089
29959
51046
2947
55818
79230
151056
3543
5176
11011
4619
55285
138046
138883
1509
2790
51375
8563
10138
11227
8986
1959
9354
81928
9202
90293
85366
390
51393
56944
1233
51286
7221
374
9027
65082
94015
150094
51655
252995
9290
9764
5132
9662
81570
8906
7372
10602
25936
84219
494470
7433
7462
84539
5367
51119
1201
3295
7222
4745
197257
49855
79473
9530
56311
10906
10728
114784
79622
219464
81555
10897
55867
84966
2822
7356
9026
63941
51141
11054
9867
81697
10549
143502
23624
2559
2557
8618
10522
8382
84332
202658
79897
202658
80333
705
488
4882
4879
7424
5297
140739
80196
57664
23039
9499
8692
644076
6949
51170
83541
5173
57403
117579
59350
57498
23075
8324
81448
116085
66037
57135
5575
112574
338674
1442
1443
752
266812
540
106821730
56924
5627
3985
2131
1982
8741
55916
9801
9114
4660
5832
100
3559
7517
5889
119749
55274
11142
1825
414301
5784
4053
2529
54737
23530
81309
200081
5228
3233
2691
10636
55188
57113
7070
23532
64320
79346
23406
57125
25994
7753
83551
5224
124245
4659
10260
9541
1124
1124
7177
489
7432
1068
2588
5304
64506
55900
1186
6871
54921
113455421
84674
5796
79081
23164
5980
23139
8754
6480
4956
23002
7071
3983
3087
9604
10095
9024
9875
29951
8260
5289
308
85444
26118
23204
60626
51317
780
84876
1392
80764
3849
6357
4314
9231
10982
23368
51191
10999
347
26528
5250
7296
3920
51378
23331
2520
2646
2645
119772
4189
7589
57619
112858
55763
3929
3664
51096
8672
4994
81470
9644
1984
283518
6832
23604
23024
310
57715
5671
112755
57563
92591
119678
2746
27304
51278
3687
3273
29890
1717
81847
65123
11332
56929
83540
22978
51649
1368
23598
644
84218
80823
6861
5426
93649
10620
58157
10910
2626
3213
125950
84545
56943
7091
388372
9560
11250
23038
23616
79187
10616
23082
4899
23589
81545
10267
390038
5955
163786
199
55534
9043
56729
56913
129401
51637
1404
83985
55715
222255
1005
3832
128372
81605
9328
4049
3623
3700
5208
114902
1361
9853
26517
440
83700
2944
959
5320
6662
55750
92345
5027
81552
60681
23209
388552
56141
115265
55055
29855
54221
9562
7464
29893
5549
59339
29883
11068
11068
10622
4542
27248
1907
11004
65056
64432
9618
1132
51441
26151
4597
9312
4921
146059
54941
800
8291
859
26286
6367
390433
1821
865
9465
128366
126382
51710
55052
1493
1298
5376
4359
7106
84498
51503
683
5271
8572
3779
80198
146956
203447
79660
5528
8390
27097
4041
3811
9367
100037417
1652
3386
6590
64375
3902
10863
23067
421
401024
8852
8718
55030
10327
2817
1329
54902
64772
7784
5799
53358
23509
4618
343169
65266
83734
10533
168433
4302
103
25975
7757
63925
51085
2752
25902
1946
55236
1641
8771
727837
7547
4919
10344
8463
26240
5063
80329
376267
94086
8445
125050
79656
10661
26740
284697
81688
390063
57692
55193
92797
58190
7503
10505
6757
727837
140628
8140
23185
10885
10440
131118
25900
10935
23396
2108
23170
8394
5995
65997
10749
51227
5283
6383
55856
200186
127062
3607
794
23659
3850
9575
79856
5876
8073
8030
27145
57169
4200
81029
64840
1996
1993
26737
10418
2204
94274
2642
9082
83990
5395
7166
55768
7850
387923
1152
83714
4620
10216
390168
7988
11063
25805
8310
84926
4291
3208
342574
3991
54972
114790
3236
221692
9781
1075
23179
57326
58529
7140
9655
1749
1746
91010
8216
8329
8969
8330
8332
8336
1755
1406
6653
3489
9650
6359
163126
269
268
55734
22987
2823
84570
3487
30849
391190
5008
242
3696
51150
55161
23592
83461
64210
11228
55435
8315
54749
2846
6641
54521
887
80022
6336
10307
10245
10078
4661
55704
9990
9943
3592
1146
1134
64764
79369
6013
23765
9542
5596
4807
27243
5961
1258
7373
1823
6284
4782
59277
63940
283162
10681
9526
9210
2673
55226
6283
552
27330
84918
3357
80223
26693
4004
162681
51428
9815
11016
814
83706
1212
64499
93145
7644
5420
51073
922
10538
2181
55143
79096
2692
51806
3824
3822
3587
9446
9472
390167
55854
54949
6990
4684
3363
2254
80851
4798
7982
93655
51807
140609
8270
79039
51676
84861
3963
653499
3963
653499
11014
219965
140461
81027
961
23550
5742
57216
9170
146850
7102
4538
636
23281
219873
81624
23705
2191
9404
55272
1447
26747
23538
107080644
27232
116540
3226
23596
1122
23596
117584
79843
284058
5827
8864
60592
3567
143098
4160
26033
4583
25930
5286
51125
4783
10607
51010
117177
3642
57455
9044
55561
53944
51124
284615
5791
85415
7423
7148
225689
8514
23025
84311
389015
548313
92799
607
55333
11344
390197
93589
10293
22823
5284
9476
26119
215
3768
8471
29108
25909
6469
1745
169522
390082
838
4714
5013
3249
5016
285855
5209
403282
79003
100379661
571
4603
5080
3698
8433
219983
9569
55124
54514
5947
7164
8924
687
29777
56342
8562
10615
55054
55840
9287
8796
662
79092
26953
90480
55173
55615
124905658
124905660
124905666
124905668
278
55620
5378
5256
1628
6742
5937
7453
390058
81786
81318
7984
285220
51699
8676
84154
23381
57695
3890
9498
84188
1378
8407
5450
79741
93611
167826
81327
26354
5654
28973
259266
6904
6580
152138
4223
23
5229
6091
389941
5805
80700
80124
9373
23112
26751
22841
55607
729967
147687
284114
3835
3043
4668
1947
9314
26525
56034
2861
54893
7553
4832
3352
7272
9570
26140
55819
8028
11273
7786
10263
10221
9162
4741
8787
140432
3458
400745
54475
22871
9790
3073
3557
57817
30061
55095
51009
79623
64746
6450
80230
55758
8888
25796
25988
8029
9321
84131
8875
4775
144124
23335
9950
729238
1854
3094
9397
7707
219493
90594
2580
23780
116983
9726
22809
1054
3575
143379
155382
678
1557
1047
8995
8784
5082
3475
55619
89858
55907
51172
2572
58155
1122
23596
29992
83759
64965
346517
50859
5753
6323
84898
2864
81557
113026
9784
65265
84888
23640
7412
5639
3707
3083
3445
79661
54938
4237
85439
29789
1967
60385
50937
3032
1954
5583
84105
6183
3074
150572
8688
133957
9982
5586
140690
3219
91442
6578
4536
639
7511
6854
54505
374291
4241
4707
23646
84816
127066
2660
26277
8926
54468
57630
3895
1903
5239
54622
1476
9518
4102
54596
55713
11136
54361
84312
55280
10133
440822
9695
5166
4897
79012
2693
79159
64787
84298
645455
9859
26092
11334
8908
4222
3963
653499
3963
653499
150771
124906403
124906412
124906415
124906416
124906419
124906420
377630
401447
338785
11346
8992
3945
23471
27252
55127
84643
27130
23178
116225
2847
23132
873
6358
2801
391211
55814
3957
665
57045
4320
5977
83942
22908
84272
25844
55906
8818
6392
9627
189
51205
29068
23552
9227
5948
6932
5350
51686
51582
22836
79673
124905614
124905615
124905616
124905617
124905618
124905619
124905620
124905621
124905623
124905624
124905625
124905626
124905627
124905628
124905629
124908978
124908979
124908980
124908981
124908988
124909015
124909084
124909294
124909306
124909318
124909320
124909330
7258
27031
51537
5509
27154
390037
9794
10970
1719
10129
2639
10635
390191
1149
84342
25839
5972
388531
696
7498
23498
8727
51298
5351
644890
79582
9421
2104
1260
25876
80031
51530
7827
9670
2271
196335
4976
64843
3670
79174
1137
84220
727851
729540
7991
84171
1070
1396
5291
9877
55651
1677
27141
962
4833
127733
3714
63917
4585
80335
5144
23167
5837
8778
55576
79921
403253
8637
168451
2619
64100
161742
10444
55160
25853
90780
7472
79685
140707
4018
9899
3638
2814
9340
9108
26122
23784
5184
685
3300
3077
414157
9989
51322
65267
9587
6251
1073
29099
771
583
95
51061
54880
9732
9388
84064
414062
6349
120787
117145
6664
490
1184
1525
4863
55599
3681
58478
2217
390648
29070
6355
6098
285381
26297
4528
55709
9919
3098
8396
3908
55505
51086
26333
4784
7224
6295
2570
9820
5356
255725
3161
92595
8925
84181
64641
54814
55611
55937
10630
283365
81328
51397
51599
2742
10345
2258
7123
154075
11269
727800
9002
137492
11339
79180
50506
6288
200185
778
57010
3359
10780
83988
56925
10280
59335
92840
3207
11311
4760
1758
55617
283742
284383
51427
2296
57447
1195
10644
2592
53339
168620
404734
7844
7764
80174
5427
25987
6555
2172
1318
4520
6400
9496
8288
5949
55884
54997
9767
55024
284521
4037
84100
26211
3841
4063
5122
134430
5269
10803
64328
1105
80108
55795
51226
80218
7064
2745
610
229
6588
390144
26575
127608
26031
348235
126282
55627
9709
3281
8292
590
5169
343563
91949
22796
123169
57719
57017
54763
10566
79987
2222
57453
23228
84306
1618
85021
434
3645
53905
8829
390323
80142
10215
51804
2140
89970
126393
9083
442867
442868
9615
57556
8999
9457
10247
151613
390260
2014
145957
22936
84992
5277
22
23414
4693
909
55450
11104
57333
5046
387755
22853
3274
4850
2672
9204
57178
26108
5274
84733
11141
29922
2652
81537
53637
1364
219482
80325
79813
4481
8556
55207
5529
50511
27127
8820
5626
56146
51744
8859
6910
5189
94025
10232
23373
57175
22818
23026
3000
1145
10466
22874
1678
9929
944
5568
6361
9806
6783
84993
1831
64770
5973
219982
4779
23467
124930
7745
7727
246329
9019
2760
9804
55081
60485
3040
3039
28985
390072
6299
8886
5136
7288
24
3705
30815
30815
140597
4148
11151
487
26509
8991
22980
3680
8482
8939
220441
23677
116987
9684
203
10126
201456
9921
26094
127343
6334
391109
51367
26262
29991
6150
11108
26168
22884
10302
6617
10125
1032
1513
133418
26648
84735
55748
22950
2677
7200
399687
158471
79882
3823
30845
9925
1267
81790
27327
8404
64393
744
27131
121549
29925
29926
54732
4236
10988
65991
669
54929
7979
11155
6658
221184
54810
191
23287
9761
10611
483
4719
55815
10798
23704
79339
146760
101927057
4974
6940
7357
8459
10164
4685
23344
10165
55833
23189
22797
9332
93643
56906
6906
6567
150084
51340
23759
116113
8560
7802
5354
1777
6676
7625
6369
3218
23603
9931
391196
84955
378
26686
4357
51574
7436
939
24139
1952
7291
9296
54567
4817
84256
57509
57405
4710
115106
84444
221154
122809
143241
3381
92342
11093
389396
4993
283248
57626
1737
26287
442197
55258
11154
50617
118788
10562
22843
3437
54915
65057
390882
5325
57703
115992
8895
11274
6943
1337
10736
55655
159195
79501
5099
91851
64092
283093
1662
1292
51755
51071
9739
55312
116443
22944
284131
5636
55502
403284
55133
11079
5236
10716
55669
6846
2829
10531
6274
9636
23358
283989
93185
1992
129831
259217
5869
26039
4913
2534
1535
63974
1469
694
9928
6692
64979
8392
390195
2019
9994
388372
9560
26100
57486
6659
390054
219952
445815
92906
6049
23328
3596
1645
26696
84287
8871
54487
116448
124905743
2215
5617
115290
124905614
124905615
124905616
124905617
124905618
124905619
124905620
124905621
124905624
124905625
124905626
124905627
124905628
124905629
124908978
124908979
124908980
124908981
124909197
124909294
124909306
124909318
124909320
124909330
728137
100289087
124905614
124905615
124905616
124905617
124905618
124905619
124905620
124905621
124905623
124905624
124905625
124905626
124905627
124905628
124905629
124905630
124908978
124908979
124908980
124908981
124909093
124909197
124909294
124909306
124909318
5010
770
9898
164312
54536
11336
7905
64218
22854
56886
5025
55422
5794
56623
220972
8731
199720
84263
51465
51018
26341
125150
94107
80331
55521
79649
149420
56137
80028
554
83463
27247
84284
8609
8448
55915
178
30844
1763
211
51247
9595
1504
29767
89882
4489
134860
388324
57511
83548
8654
153090
84461
5268
25928
81493
388585
167838
54546
64975
9581
9736
10486
10487
3456
100316904
8689
6557
645
54442
2919
6703
9697
5141
140801
754
80149
51327
59348
50619
401
55229
27012
10552
81567
55432
114327
777
50861
2876
22905
10954
80746
51389
10199
79980
55664
54769
55697
9896
23294
25780
9031
3801
605
64595
8287
53354
54857
29982
6795
54796
57820
79641
7851
24138
27445
3490
390326
537
1571
121268
7695
51171
5298
6492
1622
80311
2202
3709
84248
11078
28955
4052
23569
8604
23352
79768
4125
56547
55224
84296
51659
57706
29766
7516
29907
81887
1014
11122
10668
989
3459
4720
3552
25824
1734
114879
9516
6375
122740
26355
51184
4316
25813
55075
90070
23657
170680
570
4781
79754
4485
55680
26610
8774
401994
154007
7781
220965
55973
10206
1811
3975
6668
10945
204851
90249
3751
2717
6511
10287
1801
5266
4161
55299
9238
776
9166
8910
8399
55361
924
23225
11086
245806
248
4701
9878
6259
85458
126374
7504
81930
22899
5909
2683
11179
55890
5741
147945
1006
25792
27036
383
3786
339448
3954
55806
26520
26519
79077
51645
59286
57396
486
2633
146225
9248
3744
56961
28976
120776
3713
27151
10411
10066
55553
8590
51504
4880
10846
90632
6779
30846
79784
11234
8547
23233
65999
414062
6349
5444
57162
9423
84626
85236
7181
91522
51523
54681
912
55958
5994
50852
6827
5357
28951
84970
124900568
3805
84823
79016
389090
25818
161882
79317
29970
100505385
29970
170850
3746
9066
4923
90993
84699
144125
23635
2028
885
92344
23111
6019
79465
5681
81618
3703
51477
128434
85480
2023
399979
7173
27067
390431
1417
2523
81559
55846
3204
3772
1160
26256
9087
8341
6014
56905
57649
79885
389874
1489
8446
10588
9966
53632
112483
2703
359
9356
118424
23005
442184
25840
2928
10879
83452
23126
26040
441669
158798
9997
22913
10483
64077
55023
10110
53840
27230
117166
10220
127703
10450
6700
51752
29843
56904
1783
390892
719
55805
55602
25827
668
6005
4046
3699
6660
116379
50616
2848
2707
11319
116092
1830
9625
60436
6495
2070
9546
192683
84679
22924
23593
1135
1891
50862
8530
23234
22885
9110
26061
5457
55565
6035
90933
1179
10007
230
170591
55240
146691
3425
391107
65005
79048
29967
27030
27349
140462
29028
253461
9075
404550
4026
132884
1316
5346
401505
6523
124995
5319
81035
4071
6443
6792
6094
374659
3898
10209
94032
54968
201516
64285
7126
79665
7903
8621
64091
93107
9409
1559
116444
5031
8638
2165
10420
55700
6422
341416
339965
10804
79269
477
23094
23394
6585
5790
140
2733
23761
221955
5252
23011
23648
51365
392391
10330
1244
84878
83637
2743
2799
128272
51002
3362
8091
55198
9324
54407
8930
2170
23767
3433
10434
656
1153
7004
200316
79065
28513
10409
2912
26276
23623
7918
6697
79676
10282
51603
4907
2535
285659
9514
410
3175
9639
55559
92714
23149
6423
51255
9887
22873
391192
2029
7036
2193
90102
124925
2305
2312
10553
132954
10196
55589
3430
26521
845
56676
6928
445372
158131
27286
6652
3804
57862
8174
57379
283373
6506
8325
23051
1579
50615
3990
3196
2565
8527
23353
4343
220134
7165
1608
107080638
51256
407977
55295
150274
3965
11232
5428
2800
8811
4973
8647
6608
23678
100533105
651
10112
79699
2589
29128
5075
1482
23786
11144
51004
11266
3267
9512
10272
7551
653
1345
10139
64342
56241
23168
27236
170463
932
5935
347734
259230
144100
121275
401665
65080
5128
65078
23212
79490
80790
84290
64232
416
83931
64847
83605
159296
51451
3976
245812
23223
51266
8567
55735
84223
51204
10159
2926
3600
64098
124907948
146712
64344
8406
57016
11018
54870
55861
55621
219981
26130
94027
23387
115703
10076
5756
10743
493901
29097
7024
29107
63931
22858
1296
94241
2044
1666
219436
57018
57048
65989
64960
57571
390059
23180
1847
2986
219959
64332
161003
8994
55504
254783
9365
1045
200845
219432
26054
8534
2056
116461
9529
6815
290
25782
3434
8050
63935
155
116138
390437
390275
1889
3604
51059
8807
7073
55616
83900
9873
51094
7789
5897
11249
131890
23125
2103
24145
26235
171023
3697
10659
390067
4293
10916
1215
51442
4515
401992
340481
26052
133746
26057
2137
54149
64783
84224
92170
5453
51081
7023
26689
80010
5646
23113
390190
5053
105369632
84727
8190
65108
256364
54939
25896
79009
23475
1140
8321
54584
8045
10814
342372
84206
30851
56667
51102
84106
60529
3241
79152
51400
6519
337867
134083
643641
2257
120796
10673
54788
4726
654
11343
26225
9712
55230
23568
5195
1159
548596
1159
548596
5372
55164
26219
80344
7799
23231
1101
64976
7783
8972
7675
84905
2916
81127
135932
23386
767
51079
201163
4548
143496
5866
9807
57605
341418
28986
64834
9902
122042
3640
124906935
27245
5922
3797
127077
25890
100526832
151230
64121
55035
10670
391114
58528
10325
7054
101929777
7473
55119
813
55572
79586
84277
1200
11282
7108
6768
212
6368
5546
23336
10922
10309
26260
79695
83440
55681
51067
119559
84440
84281
11066
50
54460
9879
563
4808
143684
1113
7941
10641
6905
6905
22984
28987
27297
392390
9344
54868
64963
2686
390075
200958
1953
4017
51069
4439
4345
3062
7841
10509
1496
3234
90441
5538
479
390436
51665
4150
2186
9156
64800
58475
3155
10523
55223
127385
115727
130617
54920
171425
10156
100271927
10156
23518
1155
11062
152559
5142
7434
4725
6496
64386
54439
79549
635
11112
84623
5533
29088
5732
4664
7360
79589
64081
54331
11006
122553
93621
58517
10810
25878
390142
671
84258
55658
28952
966
51106
611
6581
6491
51475
7940
138474
23491
196441
282890
8537
81491
9107
8092
114897
54663
9652
10023
114783
5996
84107
90850
4645
4969
3755
122742
5024
28232
84525
8834
126133
22925
57621
1668
5149
6553
6439
51108
81050
51259
3061
2304
54937
392862
30811
4128
474354
84894
1299
5445
64434
146849
4992
4992
4103
140545
8745
4680
1088
9369
2719
79035
442361
283238
58485
137735
51274
390261
10797
2219
2357
25915
8086
6576
221035
8566
27334
51535
2936
26206
147339
65117
3229
23091
9649
54108
390271
91624
25825
63897
5506
1767
51222
2806
51693
100302652
51130
9721
11178
78990
93986
10981
4016
23339
57519
27125
132320
6529
9168
7592
84572
219743
143503
9350
390064
8799
114815
2145
55860
127002
222643
30010
7226
51512
4495
9557
100534012
79005
64374
6619
114571
143689
143
80765
6770
6389
127623
7556
4682
64780
26493
170825
3036
55191
6820
165
51555
5167
57502
1312
51596
8538
9468
644150
54499
28969
54552
23138
26735
51231
1373
29796
10979
1266
7090
51373
84303
3221
2119
8559
26275
58486
91750
259197
54457
87178
64599
91647
3429
23195
9792
5470
101928160
286075
9686
51364
6610
1411
51635
646
9988
4162
10769
3992
8323
2981
80303
51058
83475
56648
4752
219958
27063
4329
26145
134957
2834
204474
63916
283694
105369274
1414
1413
140767
28998
140460
25917
171017
10998
9741
54918
199777
7267
9355
124905658
124905660
124905666
124905668
277
279
279
153733
51043
116154
4355
10512
151188
2879
10881
11076
4716
23181
23355
1350
11183
7475
9849
55591
9437
120775
442185
64170
27306
8912
22798
11278
51654
9749
23154
10042
1636
128371
80319
51042
10994
25803
10842
4694
6046
4325
261734
55596
55070
2635
54455
10520
2561
25996
9696
4512
11230
1908
10667
3885
4239
51479
1826
115950
7705
4758
3169
56907
8913
26330
6564
284307
5455
80345
4762
22868
56882
27158
6869
51305
84232
7773
5276
3590
3589
23198
10410
10569
10314
130013
11194
57410
4060
147841
5631
57092
391112
81551
80762
9647
64429
1979
256148
5396
2168
20
64710
8195
8195
8195
3382
2020
1633
2323
64111
23423
29062
56917
5021
134266
2702
25953
7770
337972
4731
11252
949
115201
56145
4494
126326
7976
7582
8605
135948
81693
121506
23275
144165
910
965
84632
412
741
27079
10157
8993
26034
27329
84957
9361
10269
64806
2166
5670
100130086
4541
80273
9489
22821
152189
84700
384
9927
9787
219874
5669
34
7318
137886
54760
219
8687
10099
9559
55757
390093
5652
79801
79042
219429
2069
950
6276
3418
11122
55423
10240
55027
5165
127069
129563
8714
53340
221458
124790
27314
60488
138882
57520
123920
8581
1804
7259
2840
51252
10346
339344
6036
84897
25950
23746
4991
7461
54623
116071
347168
57799
10300
9502
6594
2195
6568
9152
79034
27340
116337
51203
81608
84908
8293
728492
8293
53335
26476
7482
80019
8383
64109
27019
116840
89884
26160
54821
2689
8763
83983
362
54014
1800
10225
79968
114885
80243
4142
124401
6723
10577
79947
946
51528
4201
150372
59082
91582
9061
79073
341152
26687
283234
1465
1610
92736
63970
5255
3440
7477
10898
22834
970
160140
114131
390538
2797
400966
7980
9401
83394
84073
222389
83860
2030
793
360
9413
6695
10718
79004
55252
338751
90134
153769
3934
11055
55325
55677
55342
2776
25979
3620
1485
29124
56142
84954
51008
115817
246330
83638
22911
25977
81889
8644
955
339855
50624
6856
51027
57586
26269
9244
57409
442194
2990
57594
337880
286204
1351
58538
64759
5992
54210
284433
54951
79602
9370
64786
5207
7439
55234
3816
3078
29802
90957
9852
2013
10475
79899
8516
2444
2620
442867
119682
5814
219986
5649
10106
27129
168667
2872
29995
768
90952
91319
8548
23203
1607
7993
79842
83543
84220
729540
55072
25893
57549
55225
7066
6649
54675
83899
10878
1056
84034
51062
11092
11219
219844
57186
57148
56242
51143
346525
50717
116449
10052
474
124590
50805
79879
117154
5733
55170
6559
7105
51440
84914
64795
8814
38
6507
79710
56938
23276
25776
150483
51626
84680
23017
26683
81399
81399
729759
81399
79893
29851
28992
79142
3773
51
79188
1133
55613
55632
27035
123228
89797
81873
55769
10478
55716
23129
9723
57337
55048
7932
758
339967
6515
83937
100506164
100130086
102723996
23308
3033
9552
493861
55665
84812
57338
160851
51384
84932
7263
26471
1381
80222
51651
945
220213
4920
8898
3235
15
57622
164656
29098
7873
8293
728492
8293
22869
4059
27128
56984
55144
4158
80007
56147
55998
56140
10548
5023
10328
64699
1747
22977
8574
8744
285025
79876
9700
9937
8788
3955
219431
5619
55847
56474
84922
3223
5551
54881
11080
2644
80308
23001
27077
1718
4045
51070
51575
2041
54935
10859
1486
493829
51426
1300
4608
54806
26037
1370
63976
1071
3426
5332
10217
2849
91734
475
7227
10991
55146
51499
10965
1265
55777
26153
10495
56138
1102
7101
5967
5068
23270
4342
170261
3050
972
285671
57179
1588
64949
28970
51193
3225
5544
114880
7349
1995
7474
151888
54496
54958
253959
29765
10865
8611
8434
79080
59067
8879
23555
10153
29057
727866
29057
727866
78986
5121
80895
25894
255738
90525
6476
124912
23348
54535
7364
26133
158
5322
79763
3586
54209
283377
954
79796
10768
2820
27022
6565
4761
26020
125958
7399
130589
57147
53942
3250
7051
10734
6238
55691
57685
170685
2053
84706
79836
151516
1687
10587
114908
114548
5498
127074
23710
7299
390327
2734
51522
55799
9069
57118
4539
1485
246100
92822
57418
89777
57560
78988
83752
100049587
2735
26207
496
5225
55825
282809
1491
53919
4440
58985
58490
387332
343172
219438
8545
433
344558
166336
55300
79370
8515
2894
142678
60313
4697
23283
124908558
653067
83844
23086
111089941
55741
3903
833
4010
3047
128178
8416
6100
57474
59338
9022
203260
118738
115704
6988
9132
4901
319
157574
10224
56344
10435
5091
79158
28966
51705
56165
342510
84859
5130
1340
23131
10841
64848
3017
55363
4820
94120
126272
4519
1164
1144
81466
9382
51759
10468
114805
1374
4353
3802
84968
3467
51527
79098
338917
54542
5959
54932
57096
23608
375056
201294
10265
3145
84775
30062
7298
3574
1998
84340
4598
728358
706
254887
57827
157542
50626
84773
9683
1136
4705
55656
225
165324
84725
338567
26268
3631
28511
129080
125111
881
132158
219437
1659
56171
1819
23541
4622
631
63875
83732
3048
3047
25766
8443
6618
3157
79156
64321
79033
57823
124857
10493
55329
6514
10158
114132
359787
11024
83853
10231
494115
9436
83941
23119
2875
165904
27133
124907841
552900
654483
107282092
54802
83707
83862
2805
4050
4990
2998
134549
8786
79690
169792
9182
54830
9620
8801
5673
534
10677
5324
57606
56301
29953
5555
60487
3068
7079
23030
26251
3046
353091
1412
9637
80709
4951
56673
3820
57718
478
91782
10678
440026
81300
254173
911
953
3658
11264
6121
8558
134492
100188893
119587
26984
4258
200916
3612
29113
79650
51388
2650
85313
56265
119765
57489
151112
3171
26504
57488
27309
83744
23314
25841
390181
9758
9
84196
6328
10763
6656
79094
140290
64946
254065
4184
4947
4712
65095
51246
83439
4154
270
9060
4256
60685
118427
1393
81285
54058
1357
3886
55153
284358
8439
6526
129531
9205
91147
54903
85437
64856
27107
79633
10725
57531
285190
4521
4210
7568
339451
1382
339403
1193
23264
126070
84140
2483
112939
55567
8455
11123
342184
56751
822
122786
51447
54961
84315
126014
6388
5161
81502
285596
27122
64478
727897
157773
415116
765
117247
402135
8505
51360
5194
282974
23583
28234
29952
65061
2882
26212
5475
81566
57539
151449
27238
221302
63929
10599
6324
79637
259215
144455
340654
79853
53938
124907841
552900
654483
552900
140691
163051
7545
26167
241
18
57143
152015
64969
4917
25923
1015
83539
2618
57597
55501
84639
135250
7857
145483
54680
161725
123016
10123
3750
25875
26585
3613
5139
9203
1066
216
80829
83641
51594
54677
131578
142680
342667
54517
23620
284723
140807
51126
346389
51253
81542
90411
203069
54756
2979
94160
256297
55527
51154
7746
1302
5018
113675
84695
1545
6451
199745
11272
5554
5554
26750
126638
9123
1775
57829
4507
1046
1020
728642
55717
6346
199731
5545
11272
5554
5554
7008
10198
23040
23316
5655
80317
9854
4327
83667
57523
285761
55336
79165
169981
80309
8170
11138
79858
57336
2548
201292
4586
255426
403277
27295
55600
83939
10730
1072
134728
978
23109
26586
374654
9816
9752
55268
10005
55092
8722
84285
6699
81494
54020
528
25981
9167
58505
55308
116369
64792
5650
3270
255743
6017
57035
126298
91107
319100
220388
9053
29121
64225
9172
51430
4824
29066
6509
201161
28977
1040
134391
3775
139324
84076
57595
23401
221504
84701
10103
29101
220869
445571
145270
27242
9271
56139
8540
51547
2978
118142757
23627
84752
64083
83699
54344
148170
79590
6330
54800
23174
163081
1527
92369
143879
345651
9580
8800
131450
586
7369
55166
63876
3266
2563
10905
84911
23545
26085
84950
89927
26017
7542
8872
2794
114625
1440
22902
84261
1603
9194
11158
11159
11159
55186
10893
9381
6756
83596
149483
51569
80018
79446
252839
1611
51450
26234
56927
94103
64743
7798
8193
57505
497189
417
503542
125336
54510
440193
124056
9095
29106
255520
10214
81611
85450
64582
644815
2346
6341
401667
9657
6560
25901
2994
5101
7062
7109
55756
80332
84270
100303755
55636
55909
5634
163882
23253
84622
6327
10721
57642
29119
6003
3200
201626
22898
220869
445571
644019
3747
148156
523
51052
6539
124907803
55066
54963
6051
196472
2355
92285
55870
6023
3232
725
23130
51072
5834
8019
29994
29994
7580
222894
23060
482
2739
84282
10457
957
5009
404093
6535
25911
57663
121642
55187
84978
51754
55322
617
9136
4665
676
9380
259173
1044
4514
23161
23566
8653
27037
4111
2900
7702
55374
493856
79640
80014
65083
139105
9037
91752
9208
1472
83442
1880
55902
8938
11283
56666
8187
2980
403244
57019
120
55176
9900
51022
161835
83715
4537
92856
5007
4723
7174
6398
54741
5768
26049
10449
126669
23093
7701
57541
64951
4185
90019
11226
23473
10424
79587
50512
10443
9057
79780
255877
4709
55174
63923
4330
63943
150921
6039
57546
8858
84065
2018
7737
7189
147011
79679
10233
56253
9074
3598
10
4588
10518
2819
9704
22864
54825
79845
55190
2782
8705
2865
8284
9104
5138
391104
5100
81855
5251
57631
80117
57054
125476
55625
4702
221895
10732
8934
55631
5067
84919
444
36
65992
158358
8419
8854
79915
92086
84330
114793
151295
89870
128
56246
646480
79727
54867
10251
124908558
653220
124908558
653067
5458
3752
51661
64359
56922
144402
79719
3029
65010
4774
128239
51411
57109
23133
60482
10610
8735
2587
56829
79607
9452
414061
64106
23196
5729
114785
50507
9805
1456
3347
9603
11147
54826
1349
90987
8427
65018
4360
79837
118471
27244
83473
6582
11326
54790
9122
387597
81858
10371
51728
83855
267012
22986
8528
23788
80346
57158
101927446
85865
84465
6120
26472
83729
56996
27254
27288
1261
23300
8633
23504
26608
11031
7032
51706
729475
100532736
4681
84516
4540
23601
57679
55197
25798
399694
10154
4324
285489
27344
7915
84839
8789
10479
5244
9904
10903
64105
80055
85417
64420
3605
55017
9746
83861
63973
11072
3781
25926
100128966
51307
3199
57727
1544
26147
79870
1730
92483
374618
4062
9993
4245
6397
827
6698
1670
286262
50632
126823
81932
51329
114804
83591
112476
501
83693
116844
9576
149986
9751
64101
3628
221662
55084
23564
81629
1644
51056
7862
4978
1580
23787
9716
29895
26502
79896
435
10390
10296
11275
6483
84056
54957
124906744
414325
55894
124906744
55894
54865